250.0 250.0
20.0 19.0 0.0127 10761.8115
53.0 17.0 0.0132 10760.2882
89.0 18.0 0.0127 10761.8818
126.0 14.0 0.0137 10758.7646
158.0 14.0 0.0150 10754.9128
195.0 20.0 0.0137 10758.8435
229.0 20.0 0.0123 10763.0383
270.0 20.0 0.0140 10757.8794
305.0 15.0 0.0139 10758.4183
341.0 14.0 0.0135 10759.3608
374.0 17.0 0.0134 10759.7561
411.0 18.0 0.0137 10758.9240
447.0 15.0 0.0153 10754.2441
481.0 16.0 0.0134 10759.6741
15.0 54.0 0.0144 10756.8987
52.0 53.0 0.0143 10757.0330
88.0 54.0 0.0136 10759.2344
124.0 52.0 0.0137 10759.0325
162.0 55.0 0.0120 10764.0938
195.0 55.0 0.0132 10760.3178
233.0 55.0 0.0119 10764.3178
265.0 57.0 0.0138 10758.6910
300.0 55.0 0.0133 10760.1867
337.0 52.0 0.0131 10760.6971
372.0 56.0 0.0126 10762.2854
413.0 56.0 0.0143 10757.1624
446.0 54.0 0.0139 10758.2887
480.0 52.0 0.0150 10755.0038
19.0 87.0 0.0136 10759.2084
55.0 87.0 0.0391 10682.7666
90.0 86.0 0.0668 10599.6065
127.0 86.0 0.0669 10599.2805
161.0 90.0 0.0381 10685.7625
196.0 91.0 0.0377 10686.8308
231.0 90.0 0.0942 10517.3517
267.0 87.0 0.0387 10683.9480
305.0 86.0 0.0425 10672.6156
340.0 92.0 0.0368 10689.5520
374.0 89.0 0.0634 10609.8098
407.0 92.0 0.0633 10610.2310
443.0 88.0 0.0383 10685.0011
481.0 88.0 0.0130 10760.8588
18.0 122.0 0.0135 10759.4721
50.0 126.0 0.0140 10758.1210
86.0 121.0 0.0432 10670.4474
128.0 122.0 0.0885 10534.4961
163.0 124.0 0.1184 10444.7653
193.0 122.0 0.0387 10683.7540
229.0 126.0 0.0904 10528.6725
265.0 124.0 0.0363 10691.0784
305.0 123.0 0.0393 10682.2226
339.0 125.0 0.1155 10453.6037
375.0 128.0 0.0884 10534.8826
413.0 127.0 0.0384 10684.7582
447.0 125.0 0.0127 10761.8921
484.0 126.0 0.0139 10758.1965
15.0 163.0 0.0135 10759.4889
50.0 160.0 0.0134 10759.7173
90.0 159.0 0.0382 10685.3526
122.0 162.0 0.0416 10675.0599
161.0 163.0 0.1374 10387.8161
196.0 160.0 0.1644 10306.7184
230.0 158.0 0.0666 10600.3257
265.0 164.0 0.2630 10011.1288
306.0 161.0 0.1679 10296.2600
338.0 157.0 0.1422 10373.5022
376.0 157.0 0.0404 10678.8469
411.0 162.0 0.0387 10683.7966
449.0 161.0 0.0137 10759.0064
483.0 160.0 0.0137 10758.9492
20.0 198.0 0.0125 10762.6112
52.0 197.0 0.0142 10757.3335
88.0 196.0 0.0374 10687.7308
123.0 193.0 0.0413 10676.0086
157.0 196.0 0.0679 10596.2525
199.0 198.0 0.1838 10248.6265
230.0 195.0 0.0530 10641.0320
268.0 195.0 0.1858 10242.7214
300.0 195.0 0.1832 10250.4691
340.0 194.0 0.0664 10600.9438
376.0 196.0 0.0401 10679.6141
411.0 194.0 0.0390 10683.0453
445.0 197.0 0.0134 10759.8484
479.0 198.0 0.0129 10761.4008
20.0 231.0 0.0139 10758.3630
53.0 231.0 0.0129 10761.4489
86.0 229.0 0.0412 10676.4966
128.0 230.0 0.0841 10547.7142
157.0 228.0 0.0623 10613.1843
199.0 228.0 0.3146 9856.1258
233.0 229.0 0.4243 9527.1336
267.0 232.0 0.4913 9326.1359
300.0 229.0 0.3093 9872.0213
340.0 229.0 0.2330 10101.0647
372.0 231.0 0.0850 10545.0603
410.0 229.0 0.0353 10694.0664
448.0 232.0 0.0132 10760.5131
479.0 229.0 0.0144 10756.9120
21.0 268.0 0.0120 10763.8926
51.0 270.0 0.0150 10755.0459
92.0 268.0 0.0823 10553.2308
125.0 271.0 0.0419 10674.2079
159.0 268.0 0.2291 10112.6187
194.0 270.0 0.0534 10639.7261
230.0 271.0 0.2007 10197.9815
267.0 268.0 0.2692 9992.4474
302.0 271.0 0.1835 10249.4130
342.0 268.0 0.0642 10607.5170
377.0 264.0 0.0410 10677.0291
410.0 268.0 0.0405 10678.4728
443.0 265.0 0.0138 10758.5263
480.0 269.0 0.0130 10760.9746
20.0 305.0 0.0139 10758.3630
52.0 306.0 0.0143 10757.0191
87.0 300.0 0.0394 10681.7209
122.0 302.0 0.0386 10684.2219
163.0 301.0 0.1622 10313.3783
193.0 302.0 0.1904 10228.7459
235.0 304.0 0.3338 9798.5415
269.0 305.0 0.0545 10636.3551
306.0 301.0 0.1869 10239.2986
336.0 305.0 0.0913 10526.1612
376.0 303.0 0.0400 10679.8800
408.0 303.0 0.0358 10692.7343
443.0 301.0 0.0130 10761.1326
483.0 300.0 0.0142 10757.3581
16.0 338.0 0.0140 10757.9190
53.0 342.0 0.0138 10758.4642
91.0 337.0 0.0415 10675.3653
126.0 342.0 0.1146 10456.2111
160.0 339.0 0.1711 10286.8258
198.0 337.0 0.0629 10611.2848
232.0 342.0 0.0654 10603.7168
265.0 336.0 0.2340 10097.9593
303.0 336.0 0.1618 10314.6152
336.0 337.0 0.1344 10396.7889
377.0 336.0 0.0388 10683.5061
409.0 337.0 0.0401 10679.7706
447.0 338.0 0.0137 10758.9918
485.0 340.0 0.0142 10757.3505
18.0 374.0 0.0147 10755.7816
56.0 372.0 0.0132 10760.4288
90.0 372.0 0.0635 10609.6265
127.0 376.0 0.0932 10520.4608
162.0 378.0 0.0414 10675.9062
199.0 378.0 0.0397 10681.0375
229.0 372.0 0.0815 10555.5812
269.0 373.0 0.0383 10685.1209
306.0 376.0 0.0396 10681.3178
336.0 372.0 0.1144 10456.8554
374.0 375.0 0.0901 10529.5546
412.0 372.0 0.0657 10602.8294
449.0 377.0 0.0143 10756.9538
482.0 376.0 0.0146 10756.0602
18.0 407.0 0.0138 10758.5625
53.0 408.0 0.0394 10681.7220
92.0 407.0 0.0610 10616.9374
127.0 409.0 0.0638 10608.6344
159.0 410.0 0.0417 10675.0478
194.0 411.0 0.0381 10685.7761
230.0 412.0 0.0411 10676.7688
266.0 408.0 0.0869 10539.2768
302.0 411.0 0.0408 10677.6670
342.0 414.0 0.0416 10675.0558
375.0 410.0 0.0407 10677.9734
409.0 412.0 0.0676 10597.2525
447.0 410.0 0.0133 10759.9769
485.0 409.0 0.0134 10759.8525
17.0 446.0 0.0147 10755.7886
51.0 449.0 0.0151 10754.7533
86.0 449.0 0.0143 10757.1483
124.0 448.0 0.0141 10757.7549
159.0 447.0 0.0133 10759.9638
194.0 448.0 0.0140 10757.9005
232.0 448.0 0.0126 10762.1662
266.0 445.0 0.0145 10756.3899
306.0 444.0 0.0136 10759.1066
337.0 444.0 0.0126 10762.1057
377.0 445.0 0.0146 10756.2836
410.0 444.0 0.0384 10684.6888
447.0 449.0 0.0146 10756.0998
482.0 443.0 0.0134 10759.6721
19.0 484.0 0.0142 10757.2834
53.0 478.0 0.0134 10759.6717
88.0 482.0 0.0144 10756.7238
121.0 480.0 0.0140 10757.8911
160.0 480.0 0.0129 10761.2228
197.0 480.0 0.0131 10760.7047
233.0 481.0 0.0141 10757.7991
265.0 483.0 0.0132 10760.2588
305.0 482.0 0.0146 10756.2829
342.0 479.0 0.0136 10759.1895
373.0 479.0 0.0121 10763.7378
411.0 479.0 0.0134 10759.8852
443.0 480.0 0.0134 10759.8553
483.0 483.0 0.0143 10756.9608
402.0 256.0 0.0588 10623.5548
396.0 369.0 0.0154 10753.8747
7.0 374.0 0.0141 10757.5658
246.0 77.0 0.0155 10753.6239
